1;Diana;57;37637
2;Frank;42;57914
3;Alice;53;38864
4;Ivy;50;56314
5;Eve;33;88269
6;Grace;34;55362
7;Grace;49;43780
8;Charlie;38;48343
9;Hank;41;74151
10;Diana;37;97152
11;Grace;59;32882
12;Frank;30;54256
13;John;54;38870
14;John;35;64788
15;John;40;87499
16;Frank;29;84575
17;Bob;42;59715
18;Charlie;58;98774
19;Diana;39;66031
20;Hank;27;58654
21;Eve;44;79841
22;Bob;29;83916
23;Alice;34;63978
24;Grace;57;50990
25;Alice;22;47174
26;Bob;34;43156
27;Diana;51;34476
28;Bob;31;74667
29;Bob;55;69131
30;Bob;44;40471
31;Charlie;47;90111
32;Eve;42;86676
33;Ivy;40;85887
34;Grace;56;95345
35;Grace;45;44697
36;Ivy;58;55234
37;John;24;56594
38;John;32;81370
39;Ivy;30;57947
40;Ivy;48;34880
41;Hank;30;91856
42;Charlie;35;74691
43;Alice;58;83416
44;Hank;36;69057
45;Eve;47;35108
46;Frank;41;37450
47;Bob;53;32529
48;Hank;24;38298
49;Eve;43;50228
50;John;48;92939
51;Grace;45;77129
52;Charlie;58;74752
53;Hank;51;98168
54;Hank;38;44238
55;John;53;42914
56;Hank;39;79612
57;Hank;51;58486
58;Bob;56;81429
59;Hank;52;52515
60;Bob;37;88833
61;John;44;54470
62;Eve;38;62043
63;Hank;22;91172
64;Grace;24;65686
65;Diana;50;96760
66;Ivy;45;89822
67;Grace;29;43487
68;Ivy;26;38814
69;Frank;42;40986
70;Eve;41;53828
71;Frank;53;87443
72;Bob;30;81658
73;Frank;55;72047
74;Eve;42;93420
75;Hank;29;91622
76;Ivy;29;81975
77;Grace;36;45247
78;Bob;41;60874
79;Charlie;46;44844
80;Diana;30;59252
81;Eve;49;50850
82;Alice;29;86269
83;Charlie;26;88811
84;Ivy;38;36766
85;Grace;45;36980
86;Ivy;54;86985
87;Grace;41;76920
88;Alice;43;52419
89;Alice;41;83051
90;Hank;27;40242
91;Ivy;52;90822
92;Frank;37;36759
93;Hank;33;69554
94;Charlie;51;98300
95;Eve;26;88597
96;Hank;38;96665
97;Charlie;48;36673
98;Hank;38;98847
99;Frank;50;32566
100;Bob;58;50367